0	0	0	0	0	0	0	65	109	139	192	195	131	117	136	191	113	88	81	66	93	43	28	26	23	28	14	6	4	1	0	0	0	0
0	0	0	0	0	0	0	0	0	0	0	0	39	59	119	221	162	207	340	296	291	299	211	197	201	140	66	37	29	12	5	2	1	0
0	0	0	0	0	0	0	0	0	0	0	0	0	0	100	1128	389	309	240	196	150	156	101	93	82	68	25	13	5	1	3	0	0	0
0	0	0	0	0	0	0	0	0	0	0	0	12	26	75	313	186	147	188	201	194	214	166	127	122	74	42	39	31	12	3	0	0	0
0	0	0	0	0	0	0	0	0	0	0	0	16	20	32	76	65	103	96	91	194	205	232	214	213	183	114	71	38	12	4	0	0	1
0	0	0	0	66	260	297	309	272	377	434	425	274	251	220	224	55	39	45	40	25	31	47	33	23	9	5	4	2	1	0	0	0	0
0	0	0	0	0	0	159	191	226	256	351	312	190	220	262	346	181	146	154	121	142	133	76	64	89	50	17	4	2	0	0	1	0	0
0	0	0	0	0	0	0	0	97	128	218	247	379	521	745	1661	1024	692	562	340	288	302	192	155	239	131	83	44	15	9	1	0	0	0
0	0	0	0	0	125	168	168	168	170	253	266	251	260	239	309	262	222	192	116	95	100	87	60	109	93	42	21	17	5	1	1	0	0
0	0	0	0	0	0	0	0	0	0	0	0	0	0	213	807	467	400	553	511	422	278	144	98	79	64	34	19	8	1	0	0	0	0
0	0	0	0	0	0	0	0	0	0	0	0	0	85	279	521	513	898	674	347	191	172	150	83	79	22	6	4	0	2	0	0	0	0
0	0	0	0	0	0	0	0	0	29	50	112	186	186	265	337	275	216	103	39	34	45	42	26	8	1	2	0	0	1	0	0	0	0
0	0	0	0	0	0	0	0	0	0	0	0	0	13	39	83	84	154	231	261	341	379	319	200	185	122	53	25	6	1	1	0	0	0
0	0	0	0	0	0	213	207	229	189	103	88	59	13	6	2	0	0	0	0	1	0	7	46	325	311	237	205	190	91	19	3	5	3
0	0	0	0	0	0	204	174	143	89	66	33	7	1	1	0	0	1	0	0	0	0	19	44	290	281	206	144	138	49	28	5	3	1
0	0	0	0	0	0	0	0	0	0	0	0	0	0	0	310	280	539	818	655	333	215	148	92	99	55	18	13	7	2	2	1	0	0
0	0	0	0	0	0	0	0	0	0	0	0	0	0	0	0	0	0	0	0	0	0	47	103	311	317	270	176	118	49	10	3	0	0
0	0	0	0	251	309	335	283	244	248	421	339	324	259	145	127	89	88	71	238	707	1063	936	742	664	308	135	94	40	22	8	1	4	0
0	0	0	0	220	305	283	233	226	220	394	399	330	321	134	110	77	70	74	200	468	596	447	329	304	238	86	60	19	6	0	0	1	0
0	0	0	0	0	0	0	0	0	0	0	0	50	90	148	439	188	119	115	92	104	128	117	83	90	87	43	36	11	8	2	0	0	0
0	0	0	0	0	0	0	0	0	0	0	0	0	0	124	702	243	214	312	288	203	207	144	119	358	225	89	52	25	15	3	0	2	0
0	0	0	0	0	0	0	0	0	0	0	0	66	90	171	481	407	555	568	577	562	791	681	569	526	397	268	158	63	50	15	7	5	0
0	0	0	0	123	162	196	169	217	177	132	62	33	8	2	0	0	0	1	1	0	0	49	98	381	490	615	526	481	208	100	18	11	8
0	0	0	0	0	0	0	0	0	0	0	0	0	0	0	0	0	0	571	503	592	828	811	638	623	293	148	90	48	20	4	4	1	0
0	0	0	0	0	0	0	0	0	0	0	0	0	0	0	0	0	0	904	1027	1303	1502	1399	1034	907	465	191	113	61	26	2	0	1	0
0	0	0	0	0	0	0	0	0	0	0	0	0	0	0	2035	641	392	269	203	182	225	227	170	165	108	61	47	9	14	0	0	0	0
0	0	0	0	0	0	0	0	0	0	0	0	0	0	436	1699	690	413	391	419	446	486	518	404	568	362	176	79	46	16	2	3	6	0
0	0	0	0	0	0	0	0	117	231	286	224	205	264	269	461	326	610	430	217	130	140	91	72	62	62	53	42	27	22	11	2	0	0
0	0	0	0	0	0	0	0	0	0	0	0	0	0	0	0	0	0	144	257	405	755	713	786	1043	911	714	456	264	183	84	32	10	0
0	0	0	0	0	0	457	667	734	716	947	738	579	479	508	647	571	618	456	369	477	660	538	420	412	336	286	154	142	82	59	15	8	3
0	0	0	0	0	0	0	0	0	0	0	0	164	238	245	454	373	425	302	213	144	206	139	109	152	120	46	43	26	25	17	4	0	0
0	0	0	0	0	0	0	0	0	0	0	0	0	0	0	0	0	21	117	204	332	610	700	536	465	274	167	111	65	35	18	2	2	0
0	0	3964	7380	8039	8484	6740	4182	2879	2569	3000	8206	11114	10573	11829	16726	10433	8145	7123	8540	8515	8479	6157	4039	1627	631	463	224	85	25	8	8	4	3
0	0	0	0	1287	2088	2410	2292	2248	2102	2682	1808	1181	787	749	1926	1879	2077	1870	1328	923	803	692	548	539	209	97	65	31	10	1	2	0	1
0	0	0	0	0	0	1568	1679	1903	2334	3172	3069	2562	2455	2207	1802	1530	1260	1149	884	750	775	597	372	321	108	97	48	8	6	0	1	1	0
0	4413	3189	4664	3097	2439	1612	1022	718	732	1029	887	536	181	62	26	20	25	21	19	31	180	580	1445	1125	619	443	329	215	88	22	4	4	2
0	0	0	0	0	0	0	0	0	0	0	0	0	0	0	0	0	0	0	0	65	379	752	964	201	28	29	42	17	4	0	1	0	0
0	0	0	0	0	647	693	658	647	812	1322	1340	1540	1809	2158	3068	2580	3219	2655	2218	1900	2186	2166	1541	1029	377	157	60	35	4	2	1	0	0
0	0	0	0	0	0	0	379	407	492	729	693	732	714	677	828	800	1569	1323	1428	1919	2351	2127	1331	1834	712	299	129	41	11	4	0	0	1
0	0	467	3485	4016	4522	4831	4395	4264	4115	5703	4157	4050	4957	4580	4554	4230	4306	3305	2350	1812	1564	1477	1111	1180	401	206	140	56	26	5	1	2	1
0	0	1119	1204	1184	1166	1085	936	903	1110	1098	941	783	687	719	790	560	647	644	577	535	513	441	476	640	374	201	199	108	39	13	3	1	1
0	0	0	0	0	0	0	0	502	648	1141	1191	1305	1541	1485	2161	1837	1603	969	577	394	360	356	273	307	161	66	13	6	4	1	0	0	0
0	0	0	0	0	0	399	504	628	674	1191	1045	942	728	518	458	291	361	213	181	178	1523	2277	1430	314	56	16	9	4	3	1	1	0	0
0	114	539	2715	2753	2959	3486	3220	3501	4493	6796	7748	7535	7764	8565	15976	9815	8078	7305	6893	7817	9932	8128	6597	9435	4346	1888	853	380	126	27	5	4	1
0	0	0	0	0	0	0	417	644	797	1181	1025	1427	1690	1575	1892	1118	946	718	552	476	589	452	490	511	443	294	219	100	28	7	0	0	0
0	0	0	588	702	760	948	1021	1339	1309	1547	1171	961	1051	1100	1370	1304	1317	1333	1150	942	931	664	549	673	632	830	463	253	79	20	4	1	4
0	0	0	0	0	0	0	0	0	0	232	441	978	1057	1221	1360	835	771	785	664	673	792	578	472	582	451	309	203	80	35	9	0	0	0
0	0	0	0	0	605	754	658	639	615	730	521	257	199	122	114	55	74	33	28	44	44	33	15	23	11	7	5	2	3	1	0	0	0
0	0	0	0	0	347	672	571	694	544	613	307	190	155	112	83	47	40	37	24	19	8	20	11	17	14	28	14	4	1	0	0	0	0
0	0	0	0	0	315	365	328	318	258	262	169	111	83	40	40	35	40	22	17	3	8	10	6	3	4	2	1	0	0	0	0	0	0
0	0	0	0	0	505	499	335	302	231	282	206	128	95	76	70	34	19	31	39	42	41	10	25	14	15	5	5	2	1	0	0	1	0
0	0	0	0	0	734	765	544	455	421	446	255	177	152	83	64	52	41	24	14	14	17	3	8	9	15	4	7	3	0	0	0	0	0
0	0	0	0	0	0	0	0	0	0	0	0	0	0	0	0	0	0	0	0	0	0	241	696	1230	946	532	362	244	66	9	2	1	0
0	0	0	0	0	0	0	0	0	0	0	0	16	17	19	6	9	7	7	5	5	90	112	134	313	245	205	129	104	49	10	2	0	0
0	0	0	0	0	0	0	0	0	0	0	0	0	0	0	129	208	264	324	263	304	403	416	345	551	558	500	465	357	205	59	12	2	3
0	0	0	0	0	0	0	109	138	365	781	812	850	829	818	1112	573	554	508	817	974	882	548	389	364	273	128	53	23	7	2	0	0	0
0	0	0	0	0	0	0	3	1	5	1	1	1	6	204	1594	1484	1861	1095	1256	1320	1068	755	453	448	242	166	52	30	15	0	1	0	0
0	0	0	0	0	0	0	0	0	0	0	0	0	422	825	2306	1828	1605	1738	2053	1685	1529	802	505	608	329	208	88	26	9	2	0	0	0
0	0	0	0	0	0	0	0	65	116	222	242	260	381	407	725	529	539	359	218	193	278	239	155	122	98	60	30	7	6	0	0	0	0
0	0	0	0	0	0	0	0	0	0	0	545	672	555	513	811	676	821	657	528	430	406	294	231	356	300	255	145	83	34	9	1	1	0
0	0	0	0	0	0	0	0	0	179	396	328	220	219	189	229	154	141	103	129	124	113	92	89	99	57	26	9	3	1	0	0	0	0
0	0	0	0	0	0	0	0	0	0	0	0	222	345	295	492	382	396	215	122	98	129	125	83	154	39	19	10	8	3	0	0	0	0
0	0	0	0	0	0	0	0	0	129	208	229	285	335	383	555	549	526	354	187	106	131	98	66	69	20	7	6	2	0	1	0	1	0
0	0	0	0	0	0	0	0	0	0	0	0	0	59	127	172	214	278	366	362	277	241	176	183	207	158	94	53	35	29	14	3	1	0
0	0	0	0	0	0	0	0	105	147	184	166	139	126	180	197	132	105	102	144	106	97	62	33	68	44	17	7	13	8	1	0	0	0
0	0	0	0	0	0	0	0	0	0	0	0	0	3	89	246	218	225	347	288	228	170	114	80	161	113	57	23	22	12	3	0	0	1
0	0	0	0	0	114	102	113	86	65	108	76	86	76	44	11	7	3	7	10	2	2	18	81	178	141	85	73	43	32	12	0	2	2
0	0	0	0	0	61	78	95	92	82	75	94	66	54	44	23	9	8	13	9	3	5	6	97	306	240	187	152	77	46	16	4	2	0
0	0	0	277	311	376	357	309	249	211	211	240	181	148	114	44	44	38	29	22	12	29	141	164	450	364	245	153	100	63	23	2	0	0
0	0	0	0	0	362	506	543	492	450	444	360	322	208	247	260	179	147	191	224	226	193	115	94	173	85	35	27	23	12	5	0	0	0
0	0	0	0	0	0	0	0	339	448	446	412	370	310	578	674	360	310	277	264	230	226	156	128	180	105	57	53	25	18	9	0	1	0
0	0	0	0	0	0	0	0	0	0	1	0	1	1	0	5	3	5	10	304	1145	1408	919	687	715	497	306	212	136	79	49	5	5	2
0	0	0	0	287	210	212	152	113	122	107	75	55	31	52	145	46	61	55	42	75	53	54	44	27	10	7	7	5	2	0	0	0	0
0	0	0	268	332	360	256	178	130	191	196	182	149	142	159	189	76	53	53	47	70	67	62	59	56	43	21	9	8	6	0	0	0	0
0	0	0	0	0	0	0	0	0	0	0	53	144	256	389	850	400	351	402	314	297	304	314	266	278	170	100	67	37	14	6	0	0	0
0	0	0	121	180	210	230	184	163	174	167	108	79	62	30	14	9	11	13	20	30	83	153	195	151	149	73	55	21	6	4	0	1	0
0	0	0	0	0	0	0	0	0	0	0	0	50	202	433	1203	623	431	388	224	186	200	134	115	111	77	61	23	8	8	4	0	0	0
0	0	0	0	0	0	0	0	0	0	303	348	534	577	839	1577	518	367	306	192	148	122	121	66	104	47	29	16	3	0	0	0	0	0
0	0	0	0	297	509	689	607	680	741	996	913	698	545	475	802	372	259	190	156	186	189	182	149	178	100	63	37	14	8	2	0	0	0
0	0	0	0	0	0	0	0	92	131	112	84	74	48	53	54	37	24	33	40	96	163	161	157	166	149	79	40	29	9	0	0	0	0
0	0	0	255	230	239	283	264	329	364	508	517	592	578	489	660	296	192	135	114	114	128	107	117	158	76	40	35	5	8	0	0	1	0
0	0	0	0	0	0	0	0	0	0	262	273	225	171	95	135	53	33	19	13	32	13	15	27	17	1	0	1	0	1	2	0	0	0
0	0	0	0	0	0	582	598	605	365	222	113	57	14	5	1	0	1	1	1	0	3	54	136	352	294	321	271	248	115	49	3	5	7
0	0	0	0	0	0	0	0	1080	784	357	203	93	17	14	7	7	2	0	2	1	9	24	66	197	254	223	178	214	82	49	3	0	0
0	0	0	0	0	1270	867	457	325	172	86	49	17	2	1	1	2	0	0	2	5	11	8	24	84	55	53	37	31	17	7	0	0	1
0	0	0	0	0	0	687	598	757	430	122	61	38	9	0	0	1	0	1	0	0	3	5	21	83	103	76	58	55	25	7	2	0	0
0	0	0	0	0	0	0	0	0	0	0	0	0	0	0	0	0	0	0	0	0	0	16	70	241	319	388	412	377	163	62	4	8	3
0	0	0	0	0	0	0	55	80	79	157	168	159	266	292	430	422	497	423	388	342	482	431	291	301	252	168	101	39	13	4	1	0	0
0	0	0	52	150	488	836	702	711	734	844	781	634	702	816	1522	989	839	1154	1300	1338	1707	1874	1556	1920	1379	681	454	233	99	25	5	3	0
0	0	0	0	0	0	0	0	141	114	139	113	88	49	80	123	55	44	48	200	182	87	46	36	36	39	15	4	2	3	0	0	0	0
0	0	0	0	0	0	0	0	0	0	0	0	0	330	870	2067	797	507	406	302	264	332	248	208	334	161	84	37	16	6	0	2	1	0
0	0	0	0	0	0	0	0	0	0	0	0	0	0	0	0	0	0	974	898	735	721	618	583	601	351	227	167	79	29	4	0	0	0
0	0	0	0	0	0	0	0	0	0	0	0	0	0	0	0	0	0	0	0	0	0	275	484	707	602	519	377	289	116	46	5	1	0
0	0	897	1114	1456	1300	1037	703	518	317	167	145	80	23	8	4	3	3	4	0	1	4	15	110	567	294	138	73	46	7	3	1	2	1
0	0	0	0	0	0	235	231	280	273	299	265	214	209	131	82	62	50	50	27	53	168	258	272	369	305	146	125	78	31	8	0	0	0
0	0	0	0	1098	1279	1403	1259	791	497	460	158	117	73	39	32	16	23	24	8	10	15	17	21	35	11	5	4	1	0	2	0	0	0
0	0	0	0	0	0	0	0	0	0	0	0	0	0	0	0	0	0	0	644	776	642	585	531	546	276	148	79	36	14	2	0	2	0
0	0	0	0	0	0	441	488	656	647	989	876	773	641	630	726	585	644	600	517	430	345	272	193	478	279	104	43	22	17	0	0	0	1
0	0	0	0	0	0	0	0	0	0	0	0	0	0	0	0	0	0	0	0	0	0	0	569	795	668	425	280	238	87	17	1	1	6
0	0	0	0	0	0	0	367	471	520	766	832	832	937	922	1531	936	1028	965	889	736	835	740	594	881	676	382	181	119	47	7	0	0	0
0	0	24	384	316	809	931	880	922	1489	2027	1659	1388	1369	1282	1737	1456	1492	1275	1349	1176	1190	880	635	583	381	157	93	54	14	1	0	0	0
0	0	0	0	0	0	0	0	0	0	0	0	0	0	0	0	0	0	0	0	0	295	389	498	650	598	565	667	630	242	102	10	12	10
0	0	0	0	0	0	0	262	276	301	437	419	368	364	352	622	391	331	259	180	162	175	132	130	206	125	44	31	14	4	0	0	0	0
0	0	0	0	0	0	0	0	227	336	535	530	476	450	370	606	340	331	315	173	119	153	118	92	192	83	43	19	2	2	2	0	0	0
0	0	0	165	333	222	271	295	513	537	192	61	10	3	1	0	0	0	0	0	0	0	9	97	329	254	165	229	166	76	18	0	0	0
0	0	0	0	0	0	0	340	519	572	252	118	55	6	0	0	0	0	0	0	0	12	374	486	837	597	307	342	223	86	20	11	1	3
0	0	0	0	0	0	0	124	249	237	106	48	4	1	0	0	0	0	1	5	0	2	7	332	954	682	313	363	208	84	19	8	1	0
0	0	0	0	0	0	260	202	246	222	288	274	336	347	411	540	248	193	178	155	106	117	79	56	167	60	32	13	14	8	4	0	0	1
0	0	0	0	159	182	140	119	103	116	86	75	55	36	27	31	21	26	22	12	14	14	7	49	72	55	35	27	23	12	7	3	3	1
0	0	0	0	0	0	0	0	0	0	0	0	30	38	27	17	15	17	15	13	17	11	98	211	302	212	171	117	98	63	22	6	2	2
0	0	0	0	75	72	87	69	99	74	95	81	81	76	95	104	123	95	117	122	93	89	60	36	81	73	48	28	20	8	1	0	0	0
0	0	0	0	0	0	0	0	60	62	89	72	89	67	39	22	16	11	12	10	14	21	110	204	262	215	153	104	57	43	29	8	3	0
0	0	0	0	0	0	0	0	0	0	0	0	0	0	0	0	0	0	0	1250	1462	1390	1008	694	729	402	209	111	37	15	5	1	0	0
0	0	0	0	0	0	0	0	0	0	0	0	0	0	0	0	0	0	285	524	867	1548	1433	1217	1187	770	442	254	122	52	13	1	0	1
0	0	0	0	0	0	0	0	0	0	0	0	0	0	0	0	0	0	0	0	0	0	417	372	516	559	407	260	127	53	14	3	0	0
4550	7793	11329	16201	13440	15347	16453	16680	18540	20783	30124	28118	25539	25580	23820	23984	24484	25343	23278	22271	23103	24201	17477	10168	1433	175	200	95	50	30	25	18	12	2
0	0	0	0	0	0	0	5822	9502	14527	19153	16629	8976	21113	22258	28893	20327	21954	18575	15381	11643	10039	7207	5000	941	162	134	69	17	11	8	1	4	1
0	0	43	1366	2209	3057	3179	3048	3442	3527	4488	3732	4635	4684	4847	4521	3208	2647	1545	778	915	1847	1823	1380	687	231	103	59	26	7	5	1	0	0
0	0	0	0	1933	2780	4057	4684	5170	5232	8162	7611	6478	5583	4298	3396	2205	2127	1415	938	1259	2087	2105	1612	1435	440	173	97	53	17	1	2	2	1
0	0	566	2803	3390	4389	5111	5034	5292	5768	7269	6525	5754	6497	7313	12012	8575	8251	8437	7557	7841	8714	6819	6244	8431	3805	2736	955	349	157	24	3	2	7
0	0	0	0	0	0	0	0	0	0	0	0	434	503	517	791	650	723	626	426	302	260	178	149	175	154	103	55	44	19	6	1	0	1
0	0	0	0	0	579	647	598	655	536	641	437	296	261	271	261	227	202	145	111	159	158	105	92	108	55	36	29	16	11	4	3	2	0
0	0	0	0	0	0	828	837	764	541	495	292	204	191	289	253	170	150	109	87	131	156	122	73	77	47	36	22	15	12	5	1	0	1
0	0	0	0	0	714	898	856	757	545	355	250	106	37	3	1	0	0	0	1	3	4	9	28	224	300	319	323	326	218	115	16	12	9
0	0	0	0	0	0	0	0	0	86	202	387	469	766	784	696	560	622	570	475	384	289	285	287	440	157	63	22	8	1	1	0	2	0
0	0	0	0	0	0	0	0	0	0	150	356	249	153	145	124	139	186	84	115	92	90	90	93	95	65	47	12	4	5	1	1	0	0
0	0	0	0	0	0	0	0	0	105	325	406	418	323	330	319	272	304	164	179	194	182	221	187	292	136	108	65	34	15	5	8	3	0
0	0	0	0	0	0	0	0	0	0	0	0	0	0	0	0	0	0	0	0	1145	1235	1090	787	686	320	151	89	30	13	1	0	0	1
0	0	0	0	0	0	0	0	0	76	96	118	72	33	6	11	3	3	9	6	2	2	85	207	475	453	257	215	104	34	12	1	4	0
0	0	0	0	0	0	0	0	0	0	124	113	64	29	22	6	2	3	3	2	4	4	67	149	435	472	365	313	178	76	23	4	0	1
0	0	0	0	0	0	0	0	0	0	96	258	262	259	336	415	428	421	283	235	324	379	381	238	174	115	64	57	22	11	9	4	3	3
0	0	0	0	0	0	802	761	848	797	758	600	774	728	687	899	535	409	308	299	252	237	188	157	165	120	77	37	29	7	2	0	1	1
0	0	0	0	0	0	633	580	591	501	485	407	415	362	368	401	177	204	158	142	130	83	76	53	116	68	41	27	24	3	3	0	1	0
0	0	0	0	0	0	0	252	283	317	574	530	481	440	456	604	493	628	517	244	239	331	243	179	166	96	58	20	12	15	7	1	0	0
0	0	0	0	0	153	381	350	358	362	683	561	565	502	539	653	634	725	508	399	312	314	245	151	89	33	11	11	1	1	1	0	0	0
0	0	0	0	0	0	0	0	0	0	0	0	0	239	518	796	636	782	465	308	170	151	136	123	43	15	15	104	92	19	1	0	0	0
0	0	0	0	0	0	0	0	0	0	0	0	1	2	0	2	1	1	0	0	2	9	116	336	647	552	348	176	101	34	5	1	1	1
0	0	0	0	119	273	329	290	235	189	112	98	148	111	88	114	52	45	63	48	77	76	47	60	58	23	3	4	8	1	0	0	0	0
0	0	0	174	341	660	742	664	595	596	751	626	583	976	1925	3759	1441	901	589	430	445	366	267	197	224	120	55	34	7	5	0	0	0	0
0	0	0	216	244	261	311	269	179	167	221	154	101	128	346	1174	649	539	448	289	269	258	197	167	125	79	41	30	10	4	1	0	0	0
0	0	0	0	0	0	890	884	963	1148	1582	1351	760	448	302	330	143	115	77	92	108	140	64	83	77	16	17	7	3	4	1	0	0	0
0	0	0	0	0	0	0	0	0	0	0	0	1	1	2	768	458	450	357	253	192	225	204	159	191	114	33	17	7	7	3	0	0	0
0	0	0	0	0	0	345	402	346	416	677	760	738	560	452	498	100	79	58	45	38	44	43	10	16	6	8	4	0	1	0	0	0	0
0	0	0	0	0	0	0	239	247	184	156	186	161	134	137	198	141	109	127	100	78	94	65	69	82	44	19	15	7	1	0	0	0	0
0	0	0	0	0	0	0	1	1	3	9	5	6	11	183	2001	626	1081	1804	1678	1159	832	507	289	225	126	34	28	5	5	2	0	0	0
0	0	0	0	0	0	0	0	0	0	0	0	0	42	499	1915	570	256	156	96	97	73	56	26	21	4	2	1	6	0	0	0	0	0
0	0	0	0	0	0	0	287	842	1221	2001	1602	1146	903	769	1064	1040	1298	1198	789	531	473	307	219	228	149	62	59	14	5	1	0	0	0
0	0	0	0	561	719	701	499	471	575	575	439	267	234	170	144	369	641	809	925	730	731	560	385	379	149	93	57	30	4	0	1	4	0
0	0	0	0	0	0	0	0	0	0	0	0	327	555	664	999	1042	1046	632	408	373	354	234	118	112	78	37	12	5	2	1	0	0	0
0	0	0	0	0	0	0	0	0	0	0	0	262	377	431	767	819	1017	1077	929	824	1066	767	440	377	182	93	31	10	8	1	0	0	0
0	0	0	0	447	365	313	213	187	137	102	98	60	36	98	103	47	41	46	34	37	28	24	18	38	25	15	8	3	4	0	0	0	1
0	0	0	0	0	0	0	0	0	0	0	0	793	1495	1676	1640	845	392	283	196	147	161	96	86	91	49	15	19	2	1	0	0	0	0
0	0	0	0	0	0	379	330	312	308	342	220	108	81	90	93	53	30	25	17	12	18	11	13	20	14	5	4	2	1	1	0	0	0
0	0	0	0	0	0	0	0	0	0	275	510	992	1174	1065	953	556	302	200	170	83	106	87	77	88	64	28	34	13	7	1	0	0	0
0	0	0	0	0	0	632	601	623	575	645	422	220	174	122	130	98	59	29	26	35	59	63	80	92	40	26	14	4	0	0	0	0	0
0	0	0	0	0	0	1752	1358	988	702	612	343	222	196	136	133	69	65	51	30	24	39	65	17	18	15	11	4	2	0	0	0	0	0
0	0	0	0	0	0	0	0	0	0	0	0	1372	2015	1487	1108	605	317	161	101	87	72	29	47	48	28	7	13	2	0	1	0	0	0
0	0	0	0	0	0	0	1061	1102	746	527	340	184	117	88	95	40	42	28	16	17	16	37	23	9	6	9	6	3	1	0	0	0	0
0	0	0	0	0	0	0	0	0	0	0	0	2740	1688	775	316	128	60	49	71	42	35	34	16	15	3	13	8	4	0	0	0	0	1
0	0	0	0	0	0	0	0	0	0	0	0	0	0	0	0	0	0	0	0	0	0	1588	1018	925	699	417	232	136	68	20	3	8	2
0	0	0	0	0	0	0	0	0	0	0	0	0	0	0	0	0	0	0	0	0	0	1448	1794	1611	1131	690	496	266	111	29	4	2	1
0	0	0	0	0	0	0	0	0	0	0	0	0	0	0	0	0	0	0	0	0	0	832	470	360	184	103	45	13	9	3	0	0	0
0	0	0	0	0	0	0	0	0	0	0	0	0	0	0	822	1050	1029	896	749	608	672	613	544	712	430	200	152	73	21	15	1	2	0
0	0	0	0	0	0	0	0	0	0	0	0	562	1526	1486	1410	937	850	668	452	608	865	586	402	345	149	84	63	26	11	2	0	0	0
0	0	0	0	0	0	0	0	0	0	0	0	0	0	0	0	0	0	0	0	0	0	459	422	834	390	134	80	33	10	5	0	0	0
0	0	0	0	0	0	0	0	0	0	0	0	0	0	0	0	0	0	183	695	895	1132	1069	978	1269	975	531	302	121	71	12	0	3	0
0	0	0	0	0	0	0	0	0	0	0	0	0	0	0	0	0	0	0	0	450	623	595	542	889	731	479	432	186	67	19	0	0	0
0	0	0	0	0	0	0	0	0	0	0	0	0	0	0	0	0	0	172	641	646	811	567	374	369	229	97	30	6	5	3	0	0	0
0	0	0	0	0	0	0	0	0	0	0	0	0	0	0	0	0	0	116	413	517	658	586	350	532	393	194	65	20	11	5	1	0	0
0	0	0	0	0	0	242	164	174	159	166	118	70	71	50	43	134	229	405	506	475	515	334	224	316	119	66	20	9	2	0	0	0	1
0	0	0	0	0	188	248	171	167	134	125	101	81	64	19	16	7	3	4	4	13	59	121	92	126	58	17	11	2	0	1	0	0	1
0	0	0	0	0	0	525	438	329	194	126	64	15	2	0	0	0	2	0	0	2	3	8	51	323	265	157	271	107	21	8	0	0	3
0	0	0	0	0	0	0	0	0	0	0	0	1592	1748	1459	2328	1545	1345	1618	1383	971	887	820	600	608	327	144	79	28	8	2	1	2	0
0	0	0	0	0	0	0	0	0	0	0	0	33	63	239	1009	892	1125	1118	1139	1828	2526	3080	3447	3562	2082	1136	575	199	72	28	3	2	4
0	0	0	0	0	0	0	0	0	2479	2738	2790	2172	2712	2676	2708	1579	1497	1131	787	559	592	555	439	528	214	106	94	39	11	3	1	0	1
0	0	0	0	0	0	0	0	0	0	0	0	0	0	0	0	803	2326	2841	1409	527	335	193	115	86	33	17	11	4	0	0	0	1	0
0	0	0	0	0	560	564	730	974	1219	1765	1532	1418	1346	1240	1169	763	685	467	293	211	242	214	137	221	170	122	74	25	11	4	0	0	0
0	0	0	0	0	0	0	0	0	0	0	0	395	660	805	1254	985	941	538	586	427	531	345	200	189	108	73	24	14	7	2	1	0	0
0	0	0	0	0	469	453	473	578	547	612	445	316	229	323	294	239	166	167	200	157	136	92	88	147	106	85	66	27	16	11	3	0	1
0	0	0	0	0	105	107	102	124	138	153	79	66	79	58	49	49	67	59	52	58	43	38	21	35	38	24	23	15	3	1	0	0	0
0	0	0	0	0	0	0	0	0	0	0	0	0	130	348	588	544	699	806	785	849	1018	776	567	643	482	384	275	158	78	19	2	2	0
0	0	0	0	0	0	0	0	0	0	0	0	0	0	0	0	0	0	0	0	0	0	0	1026	1327	901	563	363	176	71	29	8	5	0
0	0	1847	2120	1137	779	405	243	309	269	195	129	56	44	26	11	12	8	40	4	33	69	43	44	13	6	17	10	4	2	2	0	0	0
0	0	0	0	0	0	0	0	0	1386	1923	1676	1225	809	657	677	519	512	333	209	241	304	384	312	363	171	103	76	21	11	3	2	3	0
0	0	0	0	0	0	0	0	0	608	825	702	794	725	604	616	550	474	360	227	248	328	293	348	269	164	82	83	36	20	7	0	2	0
0	3817	3374	1403	391	205	174	86	68	58	36	28	18	11	14	3	5	4	13	2	2	0	0	2	3	3	2	3	0	0	0	0	1	1
1397	2195	2021	1161	321	286	121	128	146	115	82	42	21	19	13	14	12	57	8	32	31	50	36	30	42	13	6	7	4	1	0	0	0	0
0	0	0	0	181	227	259	222	189	154	149	124	66	55	46	49	23	18	25	10	16	17	13	22	16	11	5	3	2	1	1	0	0	0
0	0	0	0	2	1	5	63	159	251	281	265	210	211	161	156	93	94	60	54	46	33	42	55	51	24	19	11	2	1	0	0	0	0
0	0	0	0	0	0	0	166	284	384	552	539	445	309	317	313	160	157	125	100	87	152	117	131	205	100	50	38	20	9	3	2	1	0
0	0	0	354	362	350	275	202	154	128	106	66	44	31	37	33	22	36	27	16	38	53	22	21	32	25	8	7	0	2	0	0	0	1
0	0	0	0	1	8	31	48	49	131	179	178	141	126	141	134	122	129	108	84	86	143	116	116	104	62	47	33	20	4	3	0	1	1
0	0	0	815	1285	1821	1757	1165	759	573	401	304	971	1234	1075	619	354	246	204	375	625	557	419	292	319	159	63	40	23	10	2	0	1	0
0	0	0	0	0	0	0	0	1	0	1	0	3	36	87	117	128	139	142	152	143	260	272	237	227	150	70	59	38	14	7	1	1	0
0	0	0	0	39	128	277	278	273	248	256	151	115	71	74	69	44	56	43	33	51	30	21	20	19	15	3	10	1	2	0	0	0	0
0	0	0	0	0	0	0	0	0	0	0	0	22	37	35	69	77	310	384	298	184	219	156	55	38	25	12	4	4	0	0	0	0	0
0	0	0	0	0	0	0	0	0	0	0	0	0	0	18	80	90	132	203	211	170	267	210	150	154	111	64	47	18	7	2	1	0	0
0	0	0	0	0	0	0	0	0	0	0	0	70	102	123	232	289	387	291	272	301	394	288	232	227	147	83	51	33	13	3	1	0	3
0	0	0	0	0	0	0	0	0	0	0	0	95	107	132	202	123	112	113	153	189	204	150	78	54	39	32	14	3	1	0	0	0	0
0	0	0	0	0	0	0	0	0	0	0	0	0	0	48	188	127	168	189	150	156	180	136	110	126	87	48	38	32	5	1	3	2	0
0	0	0	0	1	0	0	2	11	12	13	5	34	119	152	253	154	190	162	124	110	92	67	87	90	57	32	21	23	4	2	0	0	0
0	0	0	0	0	0	0	0	0	0	62	48	40	63	83	109	129	202	153	104	166	281	240	190	168	133	104	52	26	11	3	1	0	0
0	0	0	0	0	0	0	0	0	0	0	0	0	0	0	0	329	328	295	291	381	487	351	298	232	165	113	84	69	16	10	4	5	0
0	0	0	0	0	703	323	143	65	45	26	10	7	2	7	2	10	0	2	1	0	1	0	0	1	1	1	0	0	1	0	0	0	0
0	0	0	0	0	0	0	0	0	676	1577	1809	2051	2082	1903	2228	1222	837	644	503	621	707	550	430	657	411	202	105	46	18	3	3	0	0
0	0	0	0	0	0	0	2089	2668	2810	2823	1485	889	653	461	404	233	196	128	101	123	129	98	93	122	61	38	28	8	3	1	0	0	0
0	0	0	0	0	0	0	0	0	0	0	0	0	174	404	928	474	338	273	204	202	205	130	130	177	110	58	27	18	3	0	0	0	0
0	0	0	0	0	0	0	0	0	0	0	0	0	0	0	0	0	0	998	997	756	877	729	656	581	305	157	120	63	22	7	4	2	0
0	0	0	0	0	0	0	0	0	0	0	0	0	0	0	0	0	370	613	654	906	1273	1113	972	838	543	399	240	111	39	10	3	4	0
0	0	0	0	0	0	0	0	0	0	0	0	0	0	348	1262	531	311	223	163	151	155	110	89	86	75	21	11	10	4	0	0	0	0
0	0	0	0	0	0	0	0	0	0	0	0	0	0	0	0	60	1087	1839	1738	1125	884	603	413	315	118	57	29	15	8	4	2	5	0
0	0	0	0	0	0	0	0	0	0	0	0	0	0	0	0	0	314	658	615	956	1021	839	655	580	300	167	114	71	29	9	2	3	1
0	0	0	0	0	0	0	0	0	0	0	0	0	0	0	0	0	0	0	0	342	531	746	851	1437	996	530	358	157	68	18	1	2	0
0	0	0	0	0	0	0	0	0	0	0	0	0	0	0	0	0	179	415	984	1241	1150	603	296	210	93	38	14	4	0	1	2	1	0
0	0	0	0	0	45	61	80	75	157	342	687	802	1027	1077	1416	1364	1355	1057	692	461	471	320	176	110	36	49	21	5	3	0	0	0	0
0	0	0	0	0	0	0	0	0	0	0	0	0	0	0	0	594	1370	1362	833	528	605	311	147	77	46	19	11	1	2	0	0	0	0
0	0	0	0	0	0	0	0	0	0	0	0	0	300	515	857	785	1149	931	561	377	389	260	87	71	40	12	1	1	0	0	0	0	0
0	0	0	0	0	0	0	0	0	0	0	0	0	0	0	0	352	890	851	687	568	592	416	310	283	128	69	26	13	2	3	0	0	0
0	0	0	0	0	0	0	0	0	0	0	0	79	159	134	371	202	168	245	263	410	462	383	319	270	204	123	62	27	8	5	0	0	0
0	0	0	0	0	0	0	0	0	0	0	0	0	0	0	0	340	234	424	503	519	556	332	210	253	159	83	48	11	3	1	0	0	0
0	0	0	0	0	0	0	0	0	0	0	20	249	346	404	817	520	416	550	403	312	201	134	75	77	41	17	13	6	0	0	0	0	0
0	0	0	0	0	0	0	0	0	0	0	0	0	292	441	1085	660	455	538	462	440	370	243	159	154	94	39	26	10	3	1	0	0	0
0	0	0	0	0	0	0	0	0	0	0	0	0	0	0	328	281	373	512	467	311	271	215	142	145	88	48	29	4	6	0	0	0	0
0	0	0	0	0	0	264	168	109	119	73	53	19	11	1	0	0	0	0	0	2	0	56	109	286	240	175	182	143	54	13	2	1	2
0	0	0	0	0	45	106	156	109	130	277	269	251	133	77	56	41	30	34	37	42	45	79	79	137	69	27	32	12	3	3	0	0	1
0	0	0	0	0	0	0	0	0	0	0	0	0	0	0	0	0	0	0	315	288	263	257	348	1204	960	607	355	153	65	12	7	2	1
0	0	0	0	0	0	0	0	0	0	0	0	0	32	100	144	189	279	260	153	134	104	117	98	76	66	27	16	6	3	1	0	0	0
0	0	0	0	0	0	0	0	0	0	0	0	0	21	120	187	270	378	324	472	557	679	629	661	445	180	140	89	52	20	13	3	4	0
0	0	0	0	0	0	0	0	0	0	0	0	0	0	0	5	27	470	1015	890	671	690	503	556	480	291	183	130	82	38	7	5	4	0
0	0	0	0	0	0	0	0	0	0	0	0	0	59	86	139	253	419	273	223	340	470	401	306	224	155	95	38	11	2	2	0	0	0
0	0	0	0	0	0	0	0	0	0	0	0	0	0	0	0	0	0	0	0	0	0	644	556	642	317	132	63	30	4	0	0	2	0
0	0	0	0	0	0	0	0	0	0	0	0	0	148	198	269	364	376	343	355	380	445	467	472	490	351	210	174	76	32	15	2	3	0
0	0	0	0	0	0	0	0	0	0	0	0	0	14	112	254	324	457	465	514	513	648	793	905	836	495	296	231	113	62	22	7	8	2
0	0	0	0	0	0	0	0	0	0	0	0	0	0	316	581	675	804	897	736	488	407	347	270	348	209	120	64	30	7	0	0	3	0
0	0	0	0	0	0	0	0	0	0	0	0	0	0	0	0	0	0	0	464	651	805	696	498	388	221	120	74	36	13	8	2	3	0
0	0	0	0	21	23	118	126	523	687	698	533	270	189	127	94	57	49	18	39	51	42	44	40	39	26	13	9	6	1	1	0	0	0
0	0	0	0	0	63	111	153	507	660	644	463	273	210	133	120	51	61	38	54	58	50	29	26	30	23	24	10	6	2	1	1	0	0
0	0	0	0	0	37	47	110	126	127	125	100	101	88	80	93	68	37	37	45	54	42	53	65	84	73	44	26	14	12	1	2	0	0
0	0	0	0	0	0	0	0	0	0	0	0	8	19	564	1296	297	214	145	108	85	81	75	76	75	55	26	17	8	1	1	0	0	0
0	0	0	0	0	0	0	0	0	0	364	392	464	462	532	867	298	152	120	90	76	53	46	45	56	16	7	9	0	1	0	0	0	0
0	0	0	0	0	0	0	0	0	0	0	0	879	962	1507	2141	552	495	310	178	117	101	70	25	23	38	94	23	8	0	0	0	0	0
0	0	0	0	0	0	0	0	0	0	0	0	0	0	0	0	560	499	377	303	267	298	210	117	133	42	33	22	8	0	0	0	0	0
0	0	0	0	0	0	0	0	1	0	0	1	2	0	136	1224	334	399	332	184	122	109	70	97	67	43	13	14	2	1	1	0	0	0
0	0	0	0	0	0	0	0	0	0	0	0	160	194	238	370	133	165	183	212	182	176	98	100	92	76	33	9	2	0	4	0	0	0
0	0	0	0	0	0	0	0	369	576	1103	1056	935	938	1002	1901	1047	1068	1468	1342	1220	1415	1136	772	740	401	195	118	53	19	7	1	0	1
0	0	0	0	0	0	0	0	484	572	814	825	820	864	852	949	632	512	468	301	278	229	165	107	206	126	87	53	34	10	2	0	0	0
0	0	0	0	0	0	0	0	0	0	0	0	121	555	1625	2819	700	750	667	404	320	260	105	93	81	46	33	15	5	4	0	0	0	1
0	0	0	0	0	0	532	524	589	699	928	876	639	527	1291	2446	881	804	873	515	405	377	231	261	220	105	85	50	11	6	3	0	0	0
0	0	0	0	0	0	0	0	0	0	0	7	16	60	1500	3433	788	529	308	202	169	170	134	90	66	24	14	11	1	0	0	0	0	0
0	0	0	0	170	234	233	181	203	186	168	154	127	166	161	187	144	162	118	86	88	113	66	105	104	61	25	25	8	3	1	0	0	0
0	0	0	0	0	0	0	0	0	0	0	0	0	0	33	204	136	114	139	103	191	248	269	210	284	149	50	26	11	15	0	0	0	0
0	0	0	0	0	0	0	0	0	0	105	133	123	152	193	313	141	163	202	133	187	165	134	101	92	78	49	36	17	6	0	2	0	0
0	0	0	0	0	0	0	0	0	0	0	0	0	127	302	373	268	221	148	97	85	77	74	53	100	39	22	12	5	1	0	2	0	0
0	0	0	0	82	91	83	62	69	79	170	158	107	80	21	15	16	7	7	11	6	8	18	27	56	54	34	18	15	6	1	0	0	0
0	0	0	0	0	0	0	0	0	0	0	0	0	68	232	394	329	196	131	95	63	117	104	71	80	36	16	14	13	4	0	0	0	0
0	0	0	0	0	702	1261	821	626	446	147	45	11	2	1	1	1	0	0	1	0	11	109	265	617	278	88	52	14	1	1	1	0	0
0	0	0	0	0	0	0	0	0	0	867	1545	1199	645	467	315	131	83	52	38	85	39	31	33	16	5	8	3	1	0	3	0	0	0
0	0	0	0	0	0	0	607	652	422	364	303	181	46	24	18	10	7	12	10	5	3	18	257	225	182	31	14	6	0	2	0	0	0
0	0	0	0	0	0	0	0	0	0	0	0	0	0	55	108	125	132	160	118	119	127	109	142	274	225	114	84	42	26	10	10	8	2
0	0	0	0	284	361	246	179	159	125	159	215	432	412	319	276	205	187	154	142	112	63	55	62	113	73	27	5	1	1	1	0	0	0
0	0	0	0	157	168	167	146	100	111	138	93	131	119	113	160	150	143	146	121	110	94	103	97	202	175	77	64	58	22	6	7	6	0
0	0	0	0	246	303	218	192	152	108	128	101	63	48	58	47	37	39	42	19	11	4	11	15	29	26	2	0	1	0	0	0	0	0
0	0	0	0	0	0	0	598	705	1101	1347	638	289	187	184	740	990	833	428	204	189	184	99	80	78	74	33	13	3	1	0	0	0	0
0	0	0	0	0	0	495	412	421	393	433	466	540	616	771	973	662	622	601	412	284	228	184	157	187	152	96	94	47	28	12	1	0	0
0	0	0	0	0	710	644	635	687	540	613	500	521	766	929	1183	834	846	765	583	411	332	245	241	306	261	214	172	87	45	14	2	1	0
0	0	919	1074	1139	1355	1241	1211	1083	1246	1517	1479	1290	1160	1293	1441	959	928	874	750	642	664	584	549	184	39	26	9	9	5	1	0	0	1
0	0	0	0	0	83	122	121	80	57	15	3	3	3	7	4	3	7	5	23	89	183	205	221	270	235	176	125	48	21	4	1	0	0
0	0	0	0	169	202	203	184	163	148	115	112	98	106	100	107	89	102	76	51	46	34	27	37	38	17	6	20	4	1	0	0	0	0
0	0	0	0	0	419	536	473	511	519	846	877	1035	1201	2345	5092	2322	1648	1097	750	568	508	433	322	539	525	310	221	99	34	7	1	0	3
0	0	0	0	0	0	0	180	190	192	207	193	243	226	200	232	156	92	114	95	124	160	122	86	101	78	46	27	17	11	1	0	0	0
0	0	0	0	0	0	0	0	0	0	224	389	314	351	309	285	225	258	149	132	128	154	119	124	128	105	50	32	12	6	3	3	2	0
0	0	0	0	0	0	0	0	0	0	64	82	64	21	12	4	4	2	1	0	1	2	33	83	224	279	330	288	211	83	38	14	4	2
0	0	0	0	0	0	0	0	0	0	748	747	583	360	295	219	279	308	197	144	98	84	63	61	80	70	35	16	6	4	1	1	1	0
0	0	0	0	0	0	0	0	0	0	0	422	1228	1798	2098	4193	2678	2264	1508	877	644	600	466	348	531	385	173	100	47	21	1	0	0	0
0	0	0	0	0	0	0	0	0	0	0	0	2	1	54	363	412	654	615	555	421	424	379	286	383	338	194	151	89	32	13	2	0	0
0	0	0	0	0	0	0	0	0	0	0	0	530	624	714	797	592	506	424	400	328	397	318	257	309	273	166	122	78	48	4	3	4	0
0	0	0	5	185	503	631	477	434	392	426	371	332	295	316	428	296	315	400	588	777	1027	1275	1411	1618	1124	556	355	191	61	16	4	3	2
0	0	0	323	432	530	453	470	434	308	261	221	181	162	156	188	143	173	153	130	131	187	146	163	213	163	77	43	38	9	1	0	2	3
0	0	0	0	337	296	581	656	702	829	1215	967	875	765	593	661	346	279	200	175	156	198	127	120	185	82	31	24	11	2	1	1	0	0
0	0	0	0	0	0	108	403	468	393	326	301	222	156	176	214	115	136	110	118	83	88	58	73	136	78	53	27	14	3	1	0	0	0
0	0	0	0	0	0	0	0	0	0	342	427	358	289	299	543	704	920	960	918	736	824	490	390	470	320	210	156	67	22	9	1	0	0
0	0	0	0	0	74	118	111	120	140	165	174	165	190	194	344	224	145	118	95	91	111	80	65	81	56	42	23	10	0	0	0	0	0
0	0	0	547	603	604	643	629	656	687	827	740	559	476	410	277	182	530	768	519	247	183	161	108	87	72	46	23	8	6	1	1	0	1
0	0	0	0	0	0	0	0	0	114	239	194	189	238	223	332	461	569	427	358	366	529	426	474	543	442	357	234	151	80	44	20	5	1
0	0	0	0	0	0	0	229	189	181	194	120	79	86	74	53	44	53	26	23	19	26	16	27	5	17	14	6	1	1	0	0	0	0
0	0	0	0	0	0	351	640	656	655	803	516	700	927	1143	1600	1183	1742	1436	1338	1278	1670	1150	813	825	574	395	217	106	86	38	8	7	2
0	0	0	0	0	0	0	0	0	0	7	34	25	69	89	187	158	155	94	61	67	63	42	26	39	23	4	5	0	2	0	0	0	0
0	0	0	0	0	0	76	73	70	79	114	128	127	85	91	89	50	50	26	17	27	13	9	7	3	4	4	2	2	1	0	0	0	0
0	0	0	0	136	162	150	142	163	170	391	355	279	255	219	309	175	175	172	111	95	97	93	95	121	90	55	26	8	4	0	0	0	0
0	0	0	0	99	132	140	83	78	106	134	130	79	63	28	22	8	17	5	6	2	10	5	3	2	1	0	0	1	0	0	0	0	0
0	0	0	0	0	0	0	0	0	0	0	0	0	1	0	4	1	203	1361	1527	1257	1445	1177	641	564	275	105	64	6	4	2	0	0	0
0	0	0	0	1433	929	677	477	393	291	375	234	146	115	52	51	24	72	22	10	51	34	33	75	34	18	11	3	0	0	0	0	0	0
0	0	0	0	1327	1542	1079	638	479	342	330	178	107	81	60	28	23	37	22	16	19	69	415	78	158	32	16	13	2	0	0	0	0	0
0	0	0	0	0	0	2124	1480	1210	866	953	547	288	185	116	76	62	110	43	31	47	97	74	66	42	10	2	8	3	0	0	0	1	0
0	0	0	0	0	0	0	1717	1951	1585	1354	746	375	316	193	154	77	91	75	24	42	98	95	99	83	9	8	9	2	1	0	0	0	0
0	0	0	0	0	0	0	0	0	0	255	614	616	624	615	651	598	627	436	316	306	420	370	340	334	191	104	53	28	6	4	0	1	0
0	0	0	0	0	0	0	0	0	0	396	596	686	510	438	437	393	498	350	285	218	309	327	248	299	177	71	49	25	13	4	2	2	0
0	0	0	0	0	0	0	0	0	2259	2007	702	231	109	40	12	24	93	24	11	43	112	121	69	45	18	2	7	2	1	0	0	0	0
0	0	0	0	0	0	0	0	1797	2515	2044	698	324	168	96	74	54	87	102	27	54	123	131	169	107	26	7	5	3	1	0	0	0	0
0	0	0	0	0	0	0	0	0	2136	3215	1073	275	220	162	35	45	50	19	3	3	2	4	5	7	4	2	11	7	2	0	0	0	0
0	0	0	0	0	0	0	0	0	0	0	0	0	0	571	3814	1111	1024	800	552	491	422	321	316	540	308	156	80	49	24	7	0	2	1
0	0	0	0	0	0	0	0	0	0	0	0	0	0	0	3253	812	978	689	492	325	307	229	187	265	92	47	36	18	4	3	1	1	0
0	0	0	0	0	0	0	0	0	0	0	0	0	0	0	2386	761	571	409	355	283	327	294	230	359	242	134	84	46	18	2	2	2	0
0	1	0	1	192	541	730	682	914	944	983	800	612	677	837	1284	898	1251	1300	1067	755	625	503	452	480	401	321	244	160	80	12	6	0	1
0	0	0	0	0	0	0	0	0	0	250	413	417	592	943	1356	823	1333	1371	1375	1035	772	618	558	508	420	342	246	112	53	18	0	2	0
0	0	0	0	0	0	0	0	0	0	0	0	0	0	0	0	0	0	0	0	657	1133	1069	947	801	621	413	311	164	89	34	2	0	1
0	0	0	0	0	0	0	0	0	0	0	0	0	0	0	0	0	0	0	0	0	0	0	0	0	883	1537	893	567	279	136	32	13	1
0	0	0	0	0	0	0	0	0	0	0	0	0	0	0	0	0	0	0	0	0	0	0	0	0	0	0	1084	696	447	185	21	8	5
0	0	0	0	0	0	0	0	0	0	0	0	0	0	0	0	0	0	0	0	0	0	0	0	362	1293	1006	754	487	284	143	17	15	0
0	0	0	0	0	0	0	0	0	0	0	0	0	0	0	0	82	238	296	305	439	538	408	290	291	228	134	67	28	7	5	0	0	1
0	0	0	0	0	0	0	0	0	0	0	0	0	0	0	0	0	0	0	0	84	222	563	700	807	679	537	384	246	160	72	17	2	2
0	0	0	75	261	704	999	1013	930	797	973	749	577	699	1164	1770	1334	1302	1244	1455	1466	2011	2077	1738	2121	1375	762	468	213	88	31	2	4	0
0	0	0	0	0	177	189	164	246	272	454	423	295	243	243	351	95	53	51	37	44	56	30	25	30	15	9	5	0	1	0	0	0	0
0	0	0	0	118	130	146	128	159	153	136	101	158	112	63	89	19	28	20	13	17	43	110	191	299	229	133	104	59	27	7	0	0	0
0	0	0	0	0	0	0	0	0	0	0	0	210	229	485	1765	1086	788	565	434	394	388	332	306	295	218	104	58	17	6	3	0	0	0
0	0	0	0	0	0	18	159	185	197	171	159	147	151	164	239	162	100	98	73	89	133	73	89	88	42	21	19	6	4	0	0	0	0
0	0	0	0	296	494	647	621	836	903	1016	914	989	840	1205	1614	399	261	171	150	124	179	120	129	118	88	27	28	7	5	0	0	0	1
0	0	0	453	496	443	302	185	105	92	65	49	44	19	24	35	19	18	18	15	24	61	34	18	19	12	12	2	1	1	0	2	0	0
0	0	0	0	0	305	323	297	293	328	436	372	324	287	304	489	153	101	100	50	80	92	89	56	48	13	6	9	2	1	0	1	0	0
0	0	0	0	0	0	0	0	0	0	0	0	0	47	117	372	129	106	152	144	154	142	148	112	135	96	82	56	26	9	6	0	0	0
0	0	0	191	211	235	324	343	342	450	624	614	435	380	375	748	213	143	120	91	112	90	58	56	87	53	28	18	5	3	0	0	1	0
0	0	0	0	0	255	261	272	265	236	289	225	140	96	477	2520	686	498	315	253	232	203	151	99	78	45	20	14	7	1	3	0	0	1
0	0	0	0	0	0	0	0	0	0	0	0	8	1	12	3548	1312	895	587	387	306	289	250	181	181	67	25	16	9	4	1	0	0	0
0	0	0	0	0	0	0	0	0	0	0	0	0	0	0	0	933	711	527	305	224	163	95	75	79	27	19	11	1	2	0	0	0	0
0	0	0	0	0	0	0	0	0	0	0	0	0	0	0	0	940	738	570	380	301	274	213	178	232	104	63	27	12	6	0	0	0	0
0	0	0	0	0	0	0	99	134	129	112	91	49	23	7	5	4	7	13	23	97	205	193	318	336	210	87	101	52	13	4	1	0	0
0	0	0	0	0	0	0	0	0	0	0	0	0	0	0	3253	720	400	258	191	190	164	101	70	75	28	12	10	6	0	0	0	0	1
0	0	0	0	0	0	0	0	0	0	0	0	0	560	1192	2436	2189	1756	770	486	275	221	143	93	41	27	22	8	7	1	1	0	0	0
0	0	0	0	170	244	278	283	277	288	396	367	199	165	135	113	45	30	27	12	16	14	18	6	12	16	4	2	1	0	0	0	0	0
0	0	0	0	0	0	0	0	0	0	0	0	0	0	0	44	24	53	134	161	180	246	180	181	298	263	117	52	24	6	7	0	0	0
0	0	0	0	72	82	114	121	108	153	205	180	154	149	143	250	107	75	55	49	33	24	20	16	15	8	6	4	0	0	1	0	0	0
0	0	0	0	0	0	90	120	130	91	63	72	117	95	90	121	71	78	71	69	98	84	98	98	116	104	63	25	11	13	2	1	0	0
0	0	0	0	0	0	0	0	0	0	0	0	0	0	0	1444	1016	877	715	603	453	430	300	306	384	195	110	73	23	8	12	3	2	0
0	0	0	0	0	0	0	0	0	0	0	0	0	0	0	2265	452	240	153	121	98	114	89	80	88	45	24	10	4	2	1	1	1	0
0	0	0	0	0	0	0	0	0	0	0	0	0	0	0	2846	597	375	233	178	145	132	158	163	143	131	59	33	22	6	0	1	1	0
0	0	0	0	0	0	0	0	0	0	0	0	0	0	0	3691	787	481	377	326	263	259	269	256	319	176	135	86	35	8	4	2	1	0
0	0	0	0	0	0	0	0	0	0	0	0	0	0	1146	2639	800	476	254	201	132	141	157	109	165	123	47	24	12	7	0	1	0	0
0	0	0	0	0	111	191	196	166	196	184	163	152	149	159	158	125	133	103	92	73	66	62	43	68	59	24	8	5	8	2	0	0	0
0	0	0	0	0	137	180	207	236	246	311	275	260	263	291	270	252	285	239	208	177	149	138	117	143	106	59	66	40	16	3	3	1	0
0	0	0	0	0	566	473	337	331	215	94	31	6	4	1	1	1	0	0	0	0	13	537	523	522	315	103	35	31	13	4	0	1	4
0	0	0	0	0	18	19	17	24	21	53	51	89	108	164	289	398	555	490	380	393	581	529	386	375	352	230	104	31	19	6	1	0	0
0	0	0	0	0	0	0	0	0	0	0	0	0	0	60	226	193	289	331	365	413	586	452	327	350	317	166	96	42	18	6	0	0	0
0	0	0	0	0	0	0	0	0	0	0	0	0	0	0	0	0	0	116	416	455	599	573	517	644	418	307	188	80	42	9	3	1	0
0	0	0	0	0	0	0	0	0	0	0	0	0	0	0	0	0	0	0	272	332	385	454	614	548	357	227	162	56	44	11	1	1	1
0	0	0	0	0	0	0	0	0	0	0	0	0	0	0	0	0	0	147	477	750	948	822	685	625	450	222	157	59	42	7	5	3	0
0	0	0	0	0	0	0	0	0	0	0	0	0	0	0	0	0	0	122	391	558	648	616	671	732	491	300	222	90	32	18	3	3	1
0	0	0	0	0	0	0	0	0	0	0	0	0	0	0	0	0	0	0	325	374	433	458	509	738	588	369	226	100	43	14	1	1	0
0	0	0	0	0	0	0	0	0	0	0	0	0	0	0	0	0	3	179	539	628	752	799	907	868	551	351	269	126	43	18	6	3	0
0	0	0	0	0	0	0	0	41	50	87	101	130	150	181	287	223	181	141	143	103	125	105	68	120	83	33	16	9	1	1	0	0	0
0	0	0	0	0	0	0	0	0	0	0	0	743	1011	1120	1771	606	310	270	172	130	185	200	136	192	97	23	15	6	2	0	0	0	0
0	0	0	0	0	0	0	68	86	145	315	309	287	289	294	455	261	201	134	119	91	109	68	75	168	112	49	24	5	3	2	0	0	0
0	0	0	0	0	0	0	0	0	0	422	465	445	414	463	796	399	312	276	207	201	215	180	168	240	130	74	33	12	6	1	0	1	0
0	0	0	0	0	0	0	0	392	450	628	545	372	299	217	230	135	88	57	52	47	60	61	60	67	19	12	4	2	1	1	0	0	0
0	0	0	0	0	0	0	0	0	0	0	0	0	0	0	0	0	0	1050	943	680	695	418	310	263	90	22	43	43	15	2	0	0	0
0	0	0	0	0	719	1226	1232	1238	1209	1462	1335	1072	955	772	927	344	237	221	194	154	165	102	91	188	72	45	23	2	1	0	0	0	0
0	0	0	0	0	0	220	257	241	375	503	413	307	238	223	232	146	117	107	74	126	105	125	125	136	64	29	21	11	7	1	0	0	1
0	0	0	0	0	0	0	255	294	482	904	872	688	515	536	432	318	257	218	192	239	343	279	209	182	105	61	41	30	8	1	0	0	0
0	0	0	0	0	0	0	0	32	39	85	94	85	117	139	233	451	856	693	574	856	1147	764	587	612	370	203	78	37	18	3	0	0	0
0	0	0	0	0	0	0	0	0	0	0	34	128	423	1072	2317	912	674	447	279	247	207	145	70	62	43	19	13	9	3	0	0	0	2
0	0	0	0	0	0	0	184	207	252	432	380	439	461	479	625	415	385	171	137	128	164	154	123	137	66	20	6	1	1	0	0	0	0
0	0	0	0	0	0	0	0	0	0	0	0	0	0	0	12	13	756	2455	1746	1231	985	630	463	319	150	76	25	16	4	0	0	0	0
0	0	0	0	0	0	0	0	0	0	0	0	0	0	100	476	289	185	140	126	95	116	83	85	142	97	67	14	4	2	1	0	0	0
0	0	0	0	174	188	227	176	121	94	100	121	43	26	5	4	4	7	2	1	0	5	2	73	221	150	75	72	60	23	4	2	1	0
0	0	0	0	0	0	0	0	0	0	0	0	0	0	326	1266	413	296	216	173	132	151	145	132	241	136	52	32	15	9	0	0	1	0
0	0	0	0	0	0	0	0	0	0	0	0	0	0	0	0	0	0	0	0	0	0	0	186	304	308	315	239	168	95	16	4	3	0
0	0	0	0	0	0	329	409	462	386	286	229	108	32	12	12	7	7	10	11	3	7	108	293	131	59	39	19	16	9	1	0	2	0
0	0	0	0	0	0	0	0	0	0	0	0	0	0	0	13	9	633	1862	1437	936	744	471	247	123	53	31	10	8	1	1	0	0	0
0	0	0	0	0	0	0	713	626	537	524	361	198	141	98	65	45	40	20	30	21	30	26	23	47	17	8	4	3	1	0	0	0	0
0	0	0	0	0	0	0	0	0	0	0	0	0	0	0	0	671	827	786	648	463	483	322	310	344	155	71	50	15	11	2	0	0	0
0	0	0	0	0	0	0	0	0	0	0	0	0	0	0	0	0	0	0	1022	1097	1213	1082	874	1015	708	445	288	115	41	10	1	2	1
0	0	0	0	0	0	544	551	594	641	965	672	462	317	231	205	149	114	70	62	77	91	87	68	74	34	16	14	3	5	1	0	0	0
0	0	0	164	197	188	177	177	174	163	230	220	245	236	275	274	256	282	309	259	231	218	190	140	208	129	93	83	27	8	2	1	1	0
0	0	0	181	205	261	308	271	242	214	260	255	200	146	120	60	30	30	25	16	9	24	73	239	578	429	286	222	135	92	39	7	4	0
0	0	0	0	0	152	138	123	89	97	92	82	67	68	50	20	11	9	5	9	5	6	27	134	168	124	89	84	48	21	9	1	0	0
0	0	0	0	0	0	0	0	0	0	0	0	0	149	283	390	327	268	193	166	117	86	79	62	58	46	28	18	6	7	2	3	0	0
0	0	0	0	0	0	412	487	608	470	165	82	25	5	1	1	1	0	1	0	0	0	10	99	259	261	141	234	84	13	3	1	0	0
0	0	0	0	72	158	362	520	791	836	320	160	76	12	1	0	0	2	1	2	0	0	118	461	366	233	121	142	75	31	10	5	2	1
0	0	0	0	0	0	0	0	0	0	0	0	0	0	0	0	0	0	0	0	0	0	0	975	1857	1308	665	461	277	139	55	21	17	3
0	0	0	0	0	0	0	0	0	0	0	0	0	0	0	0	0	0	0	0	0	0	0	1222	2675	1689	787	336	178	74	12	34	5	6
0	0	41	444	495	732	947	813	736	675	684	600	491	441	642	1415	1119	1082	921	689	479	373	282	217	358	324	222	140	96	44	16	2	0	2
0	0	0	0	0	0	0	0	0	0	0	0	0	0	0	0	0	32	340	415	519	1046	1114	1207	1334	894	458	194	80	40	8	0	1	1
0	0	0	0	221	190	221	196	290	328	372	335	285	261	108	105	45	27	23	27	30	44	169	168	360	307	122	103	36	17	5	1	2	1
0	0	0	0	0	0	0	219	261	313	401	336	277	204	154	134	78	46	39	38	50	63	49	49	54	43	15	11	6	3	0	0	0	0
0	0	0	0	479	558	635	546	549	605	766	607	424	274	230	465	219	234	325	301	388	744	1009	832	642	250	73	39	12	10	1	0	1	0
0	0	0	0	0	0	0	0	0	76	126	97	72	79	68	77	66	38	36	27	23	30	23	15	34	199	227	158	95	42	9	0	1	0
0	0	0	0	0	0	0	88	117	123	169	173	245	223	244	494	294	314	274	362	464	613	541	457	393	233	116	51	28	19	6	1	2	1
0	0	0	0	0	0	0	0	0	0	72	92	143	124	138	129	110	97	78	52	63	59	75	50	55	30	23	16	11	5	1	0	0	0
0	0	0	0	0	0	0	0	0	918	988	399	189	103	70	62	37	52	41	27	47	63	77	73	86	17	14	5	3	0	2	0	0	0
0	0	0	0	0	0	0	0	0	761	1157	547	272	139	94	92	63	87	36	64	68	81	43	82	108	43	14	12	2	1	0	0	0	0
0	0	0	0	0	0	0	0	0	1198	389	86	58	36	10	5	7	26	13	20	58	61	72	58	33	15	13	3	0	1	0	0	0	0
0	0	0	0	0	0	0	0	0	457	750	686	356	211	145	151	99	104	61	45	101	127	107	117	108	40	22	29	14	6	0	0	0	0
0	0	0	0	0	0	0	0	0	517	842	950	445	186	101	68	58	54	55	51	94	126	99	55	80	58	25	18	2	0	0	0	0	0
0	0	0	0	0	198	233	202	222	257	274	266	226	185	76	50	23	50	27	27	67	120	175	130	161	74	24	21	12	3	1	1	0	0
0	0	0	0	0	0	0	0	0	0	0	0	0	0	20	91	138	267	247	180	170	209	201	157	196	67	33	12	7	2	0	0	0	0
0	0	0	0	0	0	0	0	0	0	0	0	0	0	29	106	189	385	313	196	147	127	120	90	121	76	37	21	9	3	1	0	0	0
0	0	0	0	0	0	0	0	0	0	0	0	0	0	69	222	262	362	240	174	194	220	124	139	103	31	15	4	4	2	0	0	0	0
0	0	0	0	0	0	0	0	0	0	0	0	0	0	160	440	320	561	460	261	208	180	152	105	204	82	26	13	5	1	1	0	0	0
0	0	0	0	0	0	0	0	0	0	0	0	0	0	207	784	503	550	471	365	336	245	277	223	387	222	96	37	22	15	2	1	1	0
0	0	0	0	0	0	0	0	0	0	0	0	0	0	147	420	602	877	531	348	299	366	279	232	333	155	65	14	4	3	4	0	0	0
0	0	0	0	0	0	0	0	0	0	0	0	0	0	0	436	521	767	574	356	357	407	300	231	216	67	20	11	4	0	0	0	0	0
0	0	0	0	0	0	0	0	0	0	0	0	0	0	0	0	467	787	614	458	386	333	299	190	196	72	13	10	4	3	0	0	0	0
0	0	0	0	0	0	0	0	0	0	0	0	0	0	0	0	0	0	412	394	433	438	362	305	592	451	229	104	46	26	7	0	0	0
0	0	0	0	0	0	0	0	0	0	0	0	0	0	0	232	324	523	548	431	382	366	303	246	365	299	126	68	36	3	0	0	0	0
0	0	0	0	0	0	0	0	0	0	0	0	0	0	0	0	0	0	0	0	331	484	503	546	1057	657	304	125	60	26	9	1	0	0
0	0	0	0	0	0	0	0	0	0	0	0	0	0	0	0	0	0	0	0	0	420	502	520	1197	797	343	159	77	20	4	1	0	0
0	0	0	0	0	0	0	0	0	0	0	0	0	0	0	0	0	0	0	0	566	834	799	769	877	607	385	194	68	28	7	0	0	0
0	0	0	0	0	0	0	0	0	0	0	0	0	0	0	0	0	380	653	526	448	542	418	282	296	139	49	18	3	5	2	0	0	0
0	0	0	0	0	0	0	60	86	90	181	145	143	181	155	204	236	150	67	45	42	84	61	27	24	6	3	1	3	0	1	0	0	0
0	0	0	0	0	0	380	313	312	450	606	435	349	321	268	266	150	112	79	40	37	43	22	14	17	10	6	0	0	1	0	0	0	0
0	0	0	0	0	0	0	0	56	80	170	168	155	189	167	206	216	227	143	84	82	110	75	67	78	48	30	17	5	3	0	0	0	0
0	0	0	0	0	0	253	232	247	316	430	291	232	164	103	90	69	73	41	24	20	31	38	29	31	22	9	5	0	0	0	0	0	0
0	0	0	0	0	0	209	149	114	134	165	91	56	56	41	67	170	232	512	493	388	322	181	146	209	74	20	18	7	1	1	0	0	1
0	0	0	0	0	0	0	0	0	0	0	288	279	406	404	412	361	380	174	138	122	123	82	69	73	47	12	9	9	2	1	1	0	0
0	0	0	0	0	0	0	0	0	0	0	42	55	112	112	167	175	294	222	156	127	165	146	104	90	66	44	23	6	7	0	1	0	0
0	0	0	0	0	0	0	0	0	0	46	72	69	31	28	23	12	28	22	71	184	193	202	158	113	69	19	37	16	5	2	3	0	0
0	0	0	0	0	0	0	0	0	0	0	0	91	128	116	156	261	340	326	259	234	270	203	126	106	81	29	5	2	2	1	1	0	0
0	0	0	0	0	0	0	0	0	0	33	69	74	107	101	188	279	335	171	129	126	151	114	88	97	54	30	9	5	1	0	0	1	0
0	0	0	0	0	0	0	0	0	0	0	27	31	40	53	33	34	65	67	80	67	83	74	57	101	101	95	55	64	30	11	10	4	0
0	0	0	0	0	0	0	0	0	0	0	38	56	95	102	96	97	135	157	152	164	190	200	196	261	199	154	142	117	61	16	6	5	2
0	0	0	0	0	0	0	0	0	77	88	66	65	71	76	78	82	122	156	165	135	117	114	81	135	61	58	39	37	18	9	10	16	1
0	0	0	0	0	0	0	0	0	106	121	79	77	92	94	79	85	112	113	113	114	86	83	73	57	54	34	18	22	17	6	2	4	1
0	0	0	0	0	0	0	0	0	0	0	9	27	36	44	61	67	73	110	116	122	156	158	157	241	226	203	127	94	64	29	11	8	4
0	0	0	0	0	0	0	0	0	0	0	42	54	59	82	76	69	90	114	121	131	149	167	161	259	294	254	171	137	84	33	8	7	1
0	0	0	0	0	0	0	0	0	0	30	39	45	59	68	56	43	51	71	73	75	102	116	83	121	128	118	118	89	44	17	9	11	2
0	0	0	0	0	0	0	0	0	0	0	10	21	42	74	95	131	213	173	177	155	170	112	95	92	69	37	10	6	2	1	0	0	0
0	0	0	0	0	0	0	0	0	0	0	0	0	0	54	164	100	117	165	160	112	78	98	81	162	83	28	6	3	1	0	0	2	0
0	0	0	0	0	0	0	855	420	354	356	168	95	96	72	46	25	68	46	38	84	79	51	45	71	9	15	11	4	1	0	0	0	1
0	0	0	0	0	0	0	604	594	446	448	265	144	89	61	52	37	39	29	49	41	30	16	16	16	13	10	7	3	2	0	0	0	0
0	0	0	0	0	0	0	877	548	293	248	106	75	26	25	20	22	16	12	5	2	4	6	4	4	6	2	2	0	0	0	0	0	0
0	0	0	0	0	0	0	1336	1021	780	796	437	239	190	142	80	92	109	69	61	84	84	73	105	132	24	25	17	5	3	0	0	0	0
0	0	0	0	0	0	0	637	744	569	474	178	112	62	43	29	20	29	39	20	51	59	58	37	35	22	3	5	3	3	0	0	0	0
0	0	0	0	0	0	0	405	608	566	617	292	184	107	94	48	44	52	63	40	70	69	44	42	87	30	17	13	3	3	0	0	0	0
0	0	0	0	0	0	0	0	0	0	0	0	0	0	0	0	0	140	223	217	161	170	181	222	292	145	111	25	25	6	2	1	0	0
0	0	0	0	0	0	0	0	0	0	0	0	0	0	0	0	139	254	200	134	104	78	91	71	82	44	5	11	6	4	1	1	2	0
0	0	0	0	0	0	0	0	0	0	0	0	0	0	0	227	270	393	330	334	315	358	235	169	230	134	70	44	16	4	0	0	0	0
0	0	0	0	0	0	0	0	0	0	0	0	0	0	0	0	0	386	377	207	130	90	99	73	92	29	13	14	8	5	2	1	0	0
0	0	66	487	527	452	459	324	256	167	102	74	47	6	2	2	1	2	1	2	1	1	14	85	460	223	94	84	36	11	2	1	1	0
0	0	0	0	0	625	1112	1232	1143	846	555	470	234	88	30	16	13	9	15	12	8	17	27	298	164	56	23	23	22	13	6	3	2	3
0	0	0	0	102	152	151	85	99	85	133	80	48	32	48	62	55	99	269	298	166	118	83	87	128	77	30	12	7	22	4	2	5	0
0	0	0	0	83	128	120	131	139	145	263	136	112	82	117	229	133	99	173	131	148	134	97	116	333	339	179	93	54	26	8	10	7	1
0	0	0	0	0	0	0	0	0	0	0	0	0	0	51	152	129	283	472	381	285	195	108	127	174	177	68	18	10	12	1	1	0	0
0	0	0	0	0	0	0	251	247	217	230	225	209	148	105	50	42	28	24	12	13	13	25	185	527	351	189	170	116	41	19	4	4	1
0	0	0	0	0	0	0	0	0	0	0	0	0	0	95	190	213	322	599	438	275	189	113	70	51	58	22	20	10	6	4	0	0	0
0	0	0	0	0	655	247	102	34	21	12	8	4	0	0	0	0	1	4	4	3	8	19	31	26	14	3	3	3	0	0	0	0	0
0	0	0	0	0	690	383	219	152	87	42	30	18	2	0	0	0	0	6	2	5	6	27	36	37	14	7	5	3	1	0	0	0	0
0	0	0	0	0	0	0	532	477	281	176	129	69	16	13	5	11	3	7	2	10	31	94	201	232	137	65	48	33	7	2	4	0	0
0	0	0	0	0	0	0	193	149	106	75	67	17	3	1	0	0	0	0	0	0	9	62	156	174	88	60	45	42	21	5	6	3	0
0	0	0	0	0	402	346	288	186	129	115	67	38	9	1	0	1	3	0	2	5	17	50	142	113	51	28	21	15	4	4	2	2	0
0	0	0	0	0	0	0	0	0	0	0	5	20	31	102	167	208	260	196	136	112	89	72	61	62	69	23	19	3	5	1	0	0	0
0	0	0	0	0	0	0	592	810	593	454	176	133	80	66	47	22	56	48	97	153	106	70	37	47	7	9	9	2	1	0	0	0	0
0	0	0	0	0	0	0	544	573	456	368	187	98	46	32	31	29	39	35	41	75	55	58	41	48	32	11	22	10	10	1	0	0	0
0	0	0	0	0	0	0	0	1036	1050	782	285	122	78	57	49	26	42	41	97	120	89	49	67	36	9	4	6	2	0	0	0	0	0
0	0	0	0	0	0	0	0	0	508	879	920	362	154	100	48	46	47	34	44	53	34	42	65	74	21	9	9	9	4	1	0	0	0
0	0	0	0	0	0	0	0	0	154	326	488	556	368	215	238	168	155	118	96	122	129	99	97	152	78	26	26	11	7	3	0	0	0
0	0	0	0	0	0	0	0	0	0	768	748	322	143	80	59	39	70	27	12	35	26	70	74	86	19	15	16	2	0	0	0	0	0
0	0	0	0	0	0	0	0	0	537	961	1338	995	606	389	260	184	175	167	143	159	138	173	140	235	87	47	29	20	5	2	1	1	0
0	0	0	0	0	0	0	0	0	391	681	868	389	176	110	66	33	67	30	23	34	54	73	88	93	30	14	13	6	2	0	0	0	0
0	0	0	0	0	0	0	0	0	0	319	1063	964	306	133	57	27	65	15	96	95	103	86	82	71	9	6	3	1	1	1	0	0	0
0	0	0	0	0	0	0	0	0	0	0	0	0	0	0	0	0	0	1817	1507	949	739	504	348	299	102	39	17	18	5	1	0	0	0
0	0	0	0	0	0	0	0	0	0	0	0	0	0	0	0	0	0	1245	663	272	244	179	134	120	46	10	15	4	1	0	0	0	0
0	0	0	0	0	0	0	0	0	0	0	0	0	0	0	0	0	0	685	721	415	424	342	216	188	103	131	256	81	22	3	3	1	0
0	0	0	0	0	0	0	0	0	0	0	0	0	0	0	0	0	0	932	799	531	361	273	136	141	36	12	13	3	2	0	0	0	0
0	0	0	0	0	0	0	0	0	0	0	0	0	0	0	0	0	1199	654	269	117	94	186	144	37	6	3	13	1	0	0	0	0	0
0	0	0	0	0	0	0	0	0	0	0	0	0	0	0	0	0	0	535	452	345	277	229	179	160	52	16	7	0	0	0	0	1	0
0	0	0	0	0	0	0	0	0	0	0	0	0	0	0	0	0	0	948	944	714	526	404	282	225	84	28	21	7	2	0	0	0	0
0	0	0	0	0	0	0	0	0	0	0	0	0	0	0	0	0	0	1124	1117	527	426	237	153	169	47	27	11	9	1	1	0	0	0
0	0	0	0	0	0	0	0	0	0	0	0	0	0	0	0	0	0	977	680	451	337	235	213	163	51	27	15	9	6	2	0	0	0
0	0	0	0	0	0	0	0	0	0	0	0	0	0	0	0	0	0	1423	912	543	299	188	151	140	33	12	5	5	2	0	1	0	0
0	0	0	0	0	0	0	0	0	0	0	0	0	0	0	0	0	0	1150	516	317	251	250	95	104	36	18	11	0	1	0	0	0	0
0	0	0	0	0	0	0	0	0	0	0	0	0	0	0	0	0	0	1007	1534	1255	928	728	446	370	142	48	33	13	11	1	1	2	1
0	0	0	0	0	0	0	0	0	0	0	0	0	0	0	0	0	0	1375	1055	624	418	335	207	297	94	43	30	12	7	2	0	1	0
0	0	0	0	0	0	0	0	0	0	0	0	0	0	0	0	0	0	0	0	362	824	931	727	638	520	378	372	221	81	18	2	0	0
0	0	0	0	0	0	0	0	0	0	0	0	0	0	0	0	0	0	0	0	0	0	2	1063	2827	1781	575	222	71	33	8	2	0	0
0	0	0	0	0	0	0	0	0	0	0	0	0	0	0	276	393	424	330	232	203	222	191	139	176	126	74	59	24	15	8	0	0	0
0	0	0	0	0	0	0	0	0	0	0	0	0	1	17	36	131	232	260	177	181	184	148	105	87	67	45	30	12	9	3	0	0	1
0	0	0	0	0	0	0	0	0	0	0	0	0	118	197	763	375	265	324	337	260	165	80	48	38	20	15	4	8	1	0	0	1	0
0	0	0	0	0	0	0	212	723	945	1855	1719	1564	1464	1454	1525	1068	1392	1227	998	875	838	1048	930	753	535	388	246	144	66	17	3	2	1
0	0	376	630	680	561	510	362	135	66	43	23	8	1	3	0	1	0	2	0	1	3	5	66	71	28	18	13	8	7	0	2	0	1
0	0	0	0	0	0	0	0	0	0	280	395	359	389	867	1552	816	990	907	788	626	657	589	511	722	376	198	127	46	28	4	3	3	0
0	0	0	0	0	0	0	0	0	0	1147	1995	2480	2314	1849	1123	518	288	145	134	128	118	111	91	113	68	20	17	9	1	1	0	0	0
0	0	0	0	0	0	0	0	0	0	0	0	0	0	585	1965	1011	776	648	621	587	652	608	528	972	522	221	97	32	11	4	2	0	0
0	0	0	0	0	0	0	0	0	0	0	0	0	0	0	1035	557	396	321	281	265	338	393	380	457	297	110	60	29	12	6	0	1	2
0	0	0	0	0	0	0	0	0	0	0	0	0	0	0	0	0	0	0	684	930	1145	941	769	894	508	221	149	53	18	3	0	2	0
0	0	0	0	400	460	576	498	511	636	952	756	781	750	716	1019	660	443	385	313	413	385	350	292	507	404	193	112	74	27	2	3	8	1
0	0	0	0	428	292	258	182	160	122	176	103	68	53	48	82	49	37	44	25	43	31	42	33	57	31	13	6	1	0	0	0	0	0
0	0	0	0	0	0	0	0	372	431	590	431	276	189	187	187	201	345	207	155	94	85	68	52	54	28	15	10	10	0	1	0	0	0
0	0	0	0	538	498	493	445	414	378	486	340	363	359	382	578	366	278	237	218	188	162	139	112	288	209	101	57	16	7	3	0	0	0
0	0	0	0	923	935	1005	777	625	534	625	344	167	163	182	467	314	401	313	263	271	183	171	125	238	117	62	10	11	2	0	1	1	0
0	0	0	0	311	256	295	208	166	177	172	362	874	938	1055	1338	641	566	534	468	410	320	262	174	341	269	100	52	20	8	3	3	3	1
0	0	0	0	0	0	0	0	618	884	1000	624	527	358	311	618	460	573	502	356	296	229	236	194	370	184	70	31	18	5	3	1	2	0
0	0	0	0	166	223	247	227	227	542	824	704	938	1047	1112	1470	929	791	628	501	456	362	338	271	542	302	149	76	28	7	3	1	3	0
0	0	0	0	0	0	0	0	0	0	0	0	0	0	22	278	234	312	273	178	213	272	210	212	210	175	105	30	16	5	1	0	0	0
0	0	0	0	0	0	0	0	0	0	0	0	0	0	124	538	398	476	253	178	172	174	153	86	106	63	29	12	6	2	0	0	0	0
0	0	0	0	0	0	0	0	73	50	100	87	125	143	185	244	292	264	209	187	186	206	173	139	195	145	100	89	61	30	2	2	0	0
0	0	0	0	0	0	0	0	0	0	0	0	39	64	144	290	369	596	372	230	220	238	151	98	100	74	24	12	4	0	0	0	0	2
0	0	0	0	0	0	0	0	0	119	271	252	196	168	162	171	282	293	141	92	79	72	46	50	57	30	14	11	5	2	1	0	0	0
0	0	0	0	0	0	0	0	0	0	0	0	0	26	98	224	331	464	589	534	528	540	441	438	536	306	160	102	42	31	7	1	0	1
0	0	0	0	0	0	0	0	167	244	219	166	158	166	185	268	218	145	160	144	174	194	182	162	152	136	83	50	26	9	4	0	0	1
0	0	0	0	0	0	0	0	117	111	96	78	68	53	80	137	66	50	51	48	55	30	22	27	36	19	11	4	0	1	0	0	0	0
0	0	0	0	0	0	0	0	0	0	0	0	0	0	159	515	314	385	474	367	366	346	296	242	319	214	129	87	43	26	8	5	0	1
0	0	0	0	0	0	0	0	0	0	0	0	0	0	0	0	0	0	0	0	0	1226	664	303	268	86	19	15	5	1	1	0	0	0
0	0	0	0	0	0	0	0	0	0	0	0	0	0	0	0	0	0	0	0	0	1273	1196	1262	1279	809	385	182	93	24	7	1	1	1
0	0	0	0	0	0	0	0	0	0	0	0	0	0	0	0	0	0	0	0	0	1573	1520	831	567	154	30	8	10	6	1	1	3	1
0	0	0	0	0	0	0	0	0	0	0	0	0	0	0	0	0	0	0	0	0	840	434	164	119	32	15	6	3	1	0	0	0	0
0	0	0	0	0	0	0	0	0	0	0	0	0	0	0	0	0	0	0	0	0	0	1083	720	464	234	99	37	15	3	3	0	4	0
0	0	0	0	0	0	0	0	0	0	0	0	0	0	92	413	148	82	64	42	65	56	43	46	40	47	23	6	2	4	0	2	1	0
0	0	0	0	0	0	0	0	0	0	0	0	0	0	0	0	282	284	158	112	75	72	49	36	90	37	20	18	2	5	2	0	0	0
0	0	0	0	0	0	0	0	0	0	0	0	0	0	23	55	98	108	115	97	80	77	85	85	142	118	78	67	52	31	7	2	0	0
0	0	0	0	0	131	110	101	107	113	99	84	84	65	71	81	57	54	57	36	48	29	41	37	47	37	15	6	1	1	0	1	0	0
0	0	0	0	0	0	0	0	0	0	0	0	0	0	111	261	225	296	271	175	126	105	67	47	32	15	7	0	1	1	0	0	1	0
0	0	0	0	0	0	0	0	0	49	63	53	80	76	112	111	92	84	65	73	76	74	80	60	54	47	30	20	9	3	3	0	0	2
0	0	0	0	0	0	0	0	0	0	0	0	0	0	0	0	0	0	112	91	187	273	206	147	125	107	36	27	16	13	3	0	0	0
0	0	0	0	0	0	0	0	42	29	67	58	66	59	46	89	52	70	55	55	62	85	71	52	64	51	26	18	4	8	1	0	1	0
0	0	0	0	0	0	0	0	0	0	0	0	0	0	0	172	137	121	114	97	90	74	62	59	130	89	52	30	22	9	2	0	0	0
0	0	0	0	0	0	0	0	0	74	350	738	641	629	565	580	561	507	348	287	256	297	344	307	315	156	87	68	19	5	1	2	2	0
0	0	0	0	0	0	0	0	0	0	0	0	42	46	46	62	117	143	137	135	151	154	154	124	141	86	67	33	37	10	7	0	1	0
0	0	0	0	0	0	0	0	0	0	0	0	117	156	174	207	154	152	98	90	56	70	86	90	89	68	35	16	11	8	0	0	2	0
0	0	0	0	0	0	0	0	0	0	0	0	1	7	8	18	23	42	51	78	80	133	164	202	330	311	152	104	47	11	6	6	5	4
0	0	0	0	0	0	0	0	0	0	0	0	7	18	17	26	39	37	59	81	86	135	163	128	294	303	191	103	45	20	11	2	0	1
0	0	0	0	0	0	0	0	0	0	0	0	0	0	0	53	62	59	78	59	106	101	93	93	126	131	80	56	34	19	10	5	5	3
0	0	0	0	0	0	0	0	0	0	0	0	0	0	0	69	76	55	99	89	102	107	112	128	357	272	135	105	52	26	3	6	5	2
0	0	0	0	0	0	0	0	0	0	0	0	0	0	0	60	43	49	59	65	139	173	139	137	208	195	129	100	83	30	10	4	4	1
0	0	0	0	0	0	0	0	0	0	637	506	257	129	76	66	93	132	52	40	40	51	17	28	25	18	8	3	1	0	0	0	0	0
0	0	0	0	0	0	0	0	0	0	300	667	346	160	103	73	118	136	68	75	39	48	41	35	24	23	11	7	5	2	0	0	0	0
0	0	0	0	0	0	0	0	0	0	585	1002	538	232	147	92	191	230	148	147	103	94	80	55	58	41	23	16	3	1	1	0	0	1
0	0	0	0	0	0	0	0	0	0	1019	1016	514	236	176	124	171	251	124	139	112	97	144	178	146	79	31	18	9	6	0	1	0	0
0	0	0	0	0	0	0	0	0	0	1291	2061	768	306	199	142	217	342	176	170	90	127	119	116	72	46	13	4	0	2	0	1	0	0
0	0	0	0	0	0	0	0	0	0	51	158	147	124	110	63	102	141	128	82	107	113	107	117	114	67	64	39	14	21	8	0	0	0
0	0	0	0	0	0	0	0	0	0	386	738	675	415	332	277	281	278	192	191	125	131	144	142	242	152	74	36	17	12	0	1	4	4
0	0	0	0	0	0	0	0	0	0	0	0	0	1047	1003	713	537	515	328	257	232	238	313	269	291	124	72	49	24	7	5	4	2	0
0	0	0	0	0	0	0	0	0	0	0	0	488	363	195	161	159	214	140	118	142	98	144	135	131	46	25	11	1	1	1	0	0	0
0	0	0	0	0	0	0	0	0	0	0	0	667	415	258	189	188	254	99	91	108	64	94	104	75	41	22	7	2	1	2	0	0	0
0	0	0	0	0	0	0	0	0	0	0	0	0	98	488	658	719	583	362	254	171	174	183	202	178	104	77	42	22	10	2	1	2	2
0	0	0	0	0	0	0	0	0	0	0	0	0	0	540	672	591	300	102	67	54	57	97	58	55	40	7	3	2	0	0	0	0	0
0	0	0	0	0	0	0	0	0	0	0	0	0	0	194	235	258	319	124	108	75	48	78	114	132	64	26	24	17	7	2	1	1	0
0	0	0	0	0	0	0	0	0	0	0	0	0	0	0	0	0	0	183	232	360	412	354	294	303	135	55	20	5	2	0	0	0	0
0	0	0	0	0	0	0	0	0	0	0	0	0	0	0	0	0	181	301	254	192	203	155	109	128	85	46	32	6	9	0	1	0	0
0	0	0	0	0	0	0	0	0	0	0	0	0	0	0	0	0	201	317	284	276	305	211	172	273	133	46	20	7	6	3	0	1	0
0	0	0	0	0	0	0	0	0	0	0	0	0	0	0	0	0	0	227	156	137	142	102	82	107	46	36	14	9	3	0	0	0	0
0	0	0	0	0	0	0	0	0	0	0	0	0	0	0	0	276	199	138	143	130	136	117	107	152	90	59	36	27	16	2	0	2	2
0	0	0	0	0	0	0	0	0	0	0	0	0	0	0	0	0	255	494	423	388	320	226	131	237	94	39	19	8	0	1	1	0	0
0	0	0	0	0	0	0	0	0	0	0	0	0	0	0	0	422	345	229	215	141	110	72	66	142	49	12	12	8	2	1	0	1	0
0	0	0	0	0	0	0	0	0	0	0	0	0	0	0	0	0	0	0	0	93	190	181	144	271	233	156	77	37	13	4	0	0	0
0	0	0	0	0	0	0	0	0	0	0	0	0	0	0	0	0	0	0	0	0	0	0	0	1245	1736	1110	635	237	103	25	1	1	0
0	0	0	0	0	0	0	0	0	0	0	0	0	0	0	1408	471	389	393	417	274	246	193	185	240	159	81	32	11	3	1	1	1	0
0	0	0	0	0	0	0	0	0	0	0	0	0	0	0	4027	578	232	134	115	56	74	73	56	104	38	13	22	11	3	2	0	0	0
0	0	0	0	0	0	0	0	0	0	0	0	0	0	481	1759	756	507	362	278	308	360	335	320	369	216	117	75	26	17	2	3	2	0
0	0	0	0	0	0	0	0	0	0	0	0	0	0	0	1645	233	103	52	28	27	21	11	12	17	11	2	2	2	0	0	0	0	0
0	0	0	0	0	0	0	0	0	0	0	0	0	0	0	2234	566	307	194	153	115	103	63	57	70	49	31	6	3	3	0	0	1	0
0	0	0	0	0	0	0	0	0	343	363	378	297	202	197	190	211	205	147	177	271	270	253	230	296	227	164	204	116	51	12	3	2	1
0	0	0	0	0	0	0	0	0	217	261	335	338	353	424	461	387	591	676	678	711	788	711	630	579	466	336	256	142	57	21	7	5	3
0	0	0	0	0	0	0	0	0	0	0	0	45	59	125	199	331	568	334	175	150	132	58	51	73	27	11	7	4	0	1	0	0	0
0	0	0	0	0	0	0	0	0	0	0	0	0	0	86	187	196	136	91	78	60	54	43	59	87	48	29	8	11	3	2	0	0	0
0	0	0	0	0	0	0	0	0	0	0	0	0	0	402	570	281	118	42	19	12	12	18	10	6	6	5	4	1	0	0	0	0	0
0	0	0	0	0	0	0	0	0	0	0	74	190	231	264	503	550	629	515	414	342	496	376	293	292	253	183	151	84	38	12	4	2	0
0	0	0	0	0	0	0	0	0	0	0	0	0	0	0	0	0	0	838	735	482	384	374	246	285	78	41	34	18	7	1	0	1	0
0	0	0	0	0	0	0	0	0	0	0	0	0	0	0	0	0	0	1116	746	451	334	181	117	142	39	12	8	4	2	1	0	1	0
0	0	0	0	0	0	0	0	0	0	0	0	0	0	0	0	0	0	2816	2041	985	686	551	276	212	99	66	33	13	1	1	1	0	1
0	0	0	0	0	0	0	0	0	0	0	0	0	0	0	0	0	0	1152	584	340	284	252	172	178	70	19	7	14	4	0	0	0	0
0	0	0	0	0	0	0	0	0	0	0	0	0	0	0	0	0	0	2529	2773	1495	887	445	248	115	33	8	17	4	0	0	0	0	0
0	0	0	0	0	0	0	0	0	0	0	0	0	0	0	0	0	269	696	684	902	1039	1014	943	777	379	200	147	67	31	8	1	0	0
0	0	0	0	0	0	0	0	0	0	0	0	0	0	0	926	1073	1115	1033	730	496	452	393	301	443	195	116	61	30	10	2	0	1	0
0	0	0	0	0	0	0	0	0	0	0	0	0	0	160	362	566	727	738	573	459	399	370	308	604	372	198	146	52	29	9	0	1	1
0	0	0	0	0	0	0	0	0	0	0	0	0	0	242	494	537	824	824	538	447	399	373	307	379	227	100	63	29	18	4	0	1	0
0	0	0	0	0	0	0	0	0	0	0	0	0	0	0	0	0	0	0	0	0	0	0	0	0	0	0	0	565	263	32	12	22	3
0	0	0	0	0	0	0	0	0	0	0	0	0	0	0	0	0	0	0	0	0	0	0	0	0	0	2514	1374	523	176	45	8	8	0
0	0	0	0	0	0	0	0	0	0	0	0	0	0	0	0	0	0	0	0	0	0	0	613	1358	307	96	81	25	12	1	2	4	1
0	0	0	0	0	0	0	0	184	261	384	398	557	690	731	1216	1062	1110	1137	1012	877	794	595	496	549	545	401	243	99	52	11	2	0	0
0	0	0	0	0	0	0	0	0	0	0	0	34	163	267	274	267	313	260	146	130	132	102	66	70	89	58	37	13	8	4	1	0	0
0	0	0	0	0	0	0	111	137	241	344	416	512	635	651	768	622	556	412	272	226	209	214	181	214	203	134	76	60	19	4	0	0	0
0	0	0	0	0	0	0	0	0	0	0	0	0	0	0	0	0	0	0	0	0	0	0	139	599	512	336	165	103	53	9	0	1	0
0	0	0	0	0	0	0	1	7	1	149	719	1058	1492	1558	2012	1214	982	534	333	267	287	256	169	238	92	51	23	19	6	3	0	0	0
0	0	0	0	0	0	0	0	0	0	0	0	0	0	0	0	0	0	123	463	707	1321	1499	2051	2329	1378	791	680	292	128	25	4	7	0
0	0	0	0	0	0	0	0	0	0	0	0	0	0	2305	1460	685	361	212	171	189	264	268	226	287	98	44	46	17	8	3	0	0	1
0	0	0	0	0	0	0	0	0	0	0	0	0	0	833	844	448	242	145	102	70	85	84	101	140	49	28	16	3	5	0	0	0	1
0	0	0	0	0	0	0	0	0	0	0	0	0	0	2390	1836	843	379	238	178	198	245	202	200	217	64	32	20	2	5	3	1	0	1
0	0	0	0	0	0	0	0	0	0	0	0	0	0	1342	745	304	129	92	47	40	94	71	43	54	31	5	3	1	1	0	0	0	1
0	0	0	0	0	0	0	0	0	0	0	0	0	0	0	1610	1146	410	107	112	54	139	128	57	23	23	4	5	0	0	0	1	0	0
0	0	0	0	0	0	0	0	0	0	0	0	0	0	673	712	421	260	143	110	73	90	116	105	156	44	23	10	8	3	0	0	1	0
0	0	0	0	0	0	0	0	0	0	0	0	0	0	0	1032	511	253	140	81	75	94	87	61	94	22	7	5	2	0	0	0	0	2
0	0	0	0	0	0	0	0	0	0	0	0	0	0	0	0	4	23	84	150	237	453	335	279	264	144	62	18	7	4	2	0	1	0
0	0	0	0	0	0	0	0	0	0	0	0	0	0	0	0	0	4	16	41	83	163	211	240	241	223	167	94	74	28	6	8	0	1
0	0	0	0	0	0	0	0	0	0	0	0	0	0	0	0	0	0	47	112	174	208	164	85	122	85	69	42	26	11	1	1	0	0
0	0	0	0	0	0	0	0	0	0	0	0	0	0	0	0	0	131	192	137	126	129	118	95	99	54	27	12	4	1	1	0	0	0
0	0	0	0	0	0	0	0	0	0	0	0	0	0	0	0	0	0	134	140	141	176	146	90	161	66	41	32	15	4	1	1	0	0
0	0	0	0	0	0	0	0	0	0	0	0	0	0	0	0	0	0	75	108	133	171	153	132	156	115	50	24	16	7	0	0	0	0
0	0	0	0	0	0	0	0	0	0	0	0	15	463	867	696	343	223	141	164	225	157	118	79	114	47	14	10	7	1	1	0	0	0
0	0	0	0	0	0	0	0	0	0	0	52	421	916	673	394	171	101	73	51	108	93	74	59	56	27	6	6	2	0	0	0	0	0
0	0	0	0	0	0	0	0	0	0	0	0	201	683	611	507	352	267	151	133	137	117	100	75	137	73	25	13	5	3	1	0	0	0
0	0	0	0	0	0	0	0	0	0	0	0	1389	974	489	136	86	63	40	75	121	87	82	72	67	22	10	1	0	0	0	0	1	0
0	0	0	0	0	0	0	0	0	0	0	0	0	0	0	0	0	0	159	240	193	191	119	93	89	41	13	10	2	1	0	0	0	0
0	0	0	0	0	0	0	0	0	0	0	0	0	0	0	0	0	0	0	0	818	1000	545	273	184	96	67	17	3	2	1	0	0	0
0	0	0	0	0	0	0	0	0	0	0	0	0	0	0	0	0	0	0	0	0	562	452	258	279	151	62	34	17	6	0	0	1	1
0	0	0	0	0	0	0	0	0	0	0	0	0	0	0	0	0	0	0	0	717	1076	676	278	242	92	24	21	3	0	0	0	0	0
0	0	0	0	0	0	0	0	0	0	0	0	0	0	0	0	0	0	0	0	225	348	325	281	314	195	87	66	36	17	5	2	3	0
0	0	0	0	0	0	0	0	0	0	0	0	0	0	0	0	0	0	0	0	1098	820	255	159	81	116	33	27	4	2	1	0	0	0
0	0	0	0	0	0	0	0	0	0	0	0	0	0	0	0	0	0	0	0	549	531	316	178	143	100	29	10	7	1	1	1	0	0
0	0	0	0	0	0	0	0	0	0	0	0	0	0	0	0	0	0	0	0	1544	1691	871	404	271	150	59	33	14	5	2	0	2	0
0	0	0	0	0	0	0	0	0	0	0	0	0	0	0	0	56	100	77	46	32	33	17	16	13	21	15	31	7	2	0	1	0	0
0	0	0	0	0	0	0	0	0	0	0	0	0	0	0	0	0	0	0	0	902	1450	1639	1606	1924	685	254	100	36	13	3	0	0	0
